Using kernel [vie], variant [opt]
Représentation de cur_img apres 1 it
0              0              0              0              4294902015     0              0              0              0              0              0              0              0              0              
0              0              0              0              4294902015     0              4294902015     0              4294902015     4294902015     0              0              0              0              
0              0              0              0              0              0              0              4294902015     4294902015     4294902015     4294902015     0              0              0              
4294902015     4294902015     0              0              0              0              0              4294902015     4294902015     0              4294902015     0              0              4294902015     
0              0              4294902015     0              0              0              4294902015     4294902015     4294902015     0              0              0              4294902015     0              
4294902015     4294902015     4294902015     4294902015     4294902015     4294902015     4294902015     4294902015     0              0              0              4294902015     4294902015     4294902015     
0              4294902015     4294902015     4294902015     4294902015     4294902015     4294902015     4294902015     0              0              0              4294902015     4294902015     4294902015     
4294902015     4294902015     4294902015     4294902015     4294902015     0              4294902015     0              4294902015     0              4294902015     4294902015     4294902015     4294902015     
0              4294902015     4294902015     4294902015     0              0              0              4294902015     4294902015     4294902015     4294902015     4294902015     4294902015     4294902015     
4294902015     4294902015     4294902015     4294902015     0              0              0              4294902015     4294902015     4294902015     4294902015     4294902015     4294902015     4294902015     
0              0              4294902015     0              0              0              4294902015     4294902015     4294902015     0              0              0              4294902015     0              
4294902015     4294902015     0              0              4294902015     0              4294902015     4294902015     0              0              0              0              0              4294902015     
0              0              0              0              4294902015     4294902015     4294902015     4294902015     0              0              0              0              0              0              
0              0              0              0              0              4294902015     4294902015     0              4294902015     0              4294902015     0              0              0              
Arrêt après 2 itérations
